group,function,value,sample_time_nanos,iteration_count
lmdb_get_seq,,"Param { num_pairs: 1, size_values: 100 }",1801747,7952
lmdb_get_seq,,"Param { num_pairs: 1, size_values: 100 }",2986213,15904
lmdb_get_seq,,"Param { num_pairs: 1, size_values: 100 }",3716437,23856
lmdb_get_seq,,"Param { num_pairs: 1, size_values: 100 }",4120702,31808
lmdb_get_seq,,"Param { num_pairs: 1, size_values: 100 }",7886151,39760
lmdb_get_seq,,"Param { num_pairs: 1, size_values: 100 }",6202135,47712
lmdb_get_seq,,"Param { num_pairs: 1, size_values: 100 }",7229330,55664
lmdb_get_seq,,"Param { num_pairs: 1, size_values: 100 }",12078539,63616
lmdb_get_seq,,"Param { num_pairs: 1, size_values: 100 }",9940661,71568
lmdb_get_seq,,"Param { num_pairs: 1, size_values: 100 }",10662911,79520
lmdb_get_seq,,"Param { num_pairs: 1, size_values: 100 }",12154340,87472
lmdb_get_seq,,"Param { num_pairs: 1, size_values: 100 }",12844962,95424
lmdb_get_seq,,"Param { num_pairs: 1, size_values: 100 }",14334601,103376
lmdb_get_seq,,"Param { num_pairs: 1, size_values: 100 }",16217826,111328
lmdb_get_seq,,"Param { num_pairs: 1, size_values: 100 }",15913150,119280
lmdb_get_seq,,"Param { num_pairs: 1, size_values: 100 }",19475310,127232
lmdb_get_seq,,"Param { num_pairs: 1, size_values: 100 }",17713683,135184
lmdb_get_seq,,"Param { num_pairs: 1, size_values: 100 }",16910274,143136
lmdb_get_seq,,"Param { num_pairs: 1, size_values: 100 }",19386299,151088
lmdb_get_seq,,"Param { num_pairs: 1, size_values: 100 }",19744103,159040
lmdb_get_seq,,"Param { num_pairs: 1, size_values: 100 }",25118012,166992
lmdb_get_seq,,"Param { num_pairs: 1, size_values: 100 }",25516317,174944
lmdb_get_seq,,"Param { num_pairs: 1, size_values: 100 }",26088713,182896
lmdb_get_seq,,"Param { num_pairs: 1, size_values: 100 }",26785089,190848
lmdb_get_seq,,"Param { num_pairs: 1, size_values: 100 }",24042320,198800
lmdb_get_seq,,"Param { num_pairs: 1, size_values: 100 }",28533156,206752
lmdb_get_seq,,"Param { num_pairs: 1, size_values: 100 }",30059030,214704
lmdb_get_seq,,"Param { num_pairs: 1, size_values: 100 }",31146478,222656
lmdb_get_seq,,"Param { num_pairs: 1, size_values: 100 }",32262317,230608
lmdb_get_seq,,"Param { num_pairs: 1, size_values: 100 }",27410090,238560
lmdb_get_seq,,"Param { num_pairs: 1, size_values: 100 }",33019016,246512
lmdb_get_seq,,"Param { num_pairs: 1, size_values: 100 }",31739692,254464
lmdb_get_seq,,"Param { num_pairs: 1, size_values: 100 }",34333285,262416
lmdb_get_seq,,"Param { num_pairs: 1, size_values: 100 }",37213406,270368
lmdb_get_seq,,"Param { num_pairs: 1, size_values: 100 }",36750144,278320
lmdb_get_seq,,"Param { num_pairs: 1, size_values: 100 }",36226954,286272
lmdb_get_seq,,"Param { num_pairs: 1, size_values: 100 }",37192337,294224
lmdb_get_seq,,"Param { num_pairs: 1, size_values: 100 }",36984113,302176
lmdb_get_seq,,"Param { num_pairs: 1, size_values: 100 }",46311279,310128
lmdb_get_seq,,"Param { num_pairs: 1, size_values: 100 }",42000025,318080
lmdb_get_seq,,"Param { num_pairs: 1, size_values: 100 }",45106910,326032
lmdb_get_seq,,"Param { num_pairs: 1, size_values: 100 }",44065021,333984
lmdb_get_seq,,"Param { num_pairs: 1, size_values: 100 }",45639607,341936
lmdb_get_seq,,"Param { num_pairs: 1, size_values: 100 }",45850708,349888
lmdb_get_seq,,"Param { num_pairs: 1, size_values: 100 }",45882635,357840
lmdb_get_seq,,"Param { num_pairs: 1, size_values: 100 }",48079574,365792
lmdb_get_seq,,"Param { num_pairs: 1, size_values: 100 }",50575592,373744
lmdb_get_seq,,"Param { num_pairs: 1, size_values: 100 }",45927077,381696
lmdb_get_seq,,"Param { num_pairs: 1, size_values: 100 }",55864298,389648
lmdb_get_seq,,"Param { num_pairs: 1, size_values: 100 }",54316878,397600
lmdb_get_seq,,"Param { num_pairs: 1, size_values: 100 }",56188282,405552
lmdb_get_seq,,"Param { num_pairs: 1, size_values: 100 }",47934145,413504
lmdb_get_seq,,"Param { num_pairs: 1, size_values: 100 }",54719679,421456
lmdb_get_seq,,"Param { num_pairs: 1, size_values: 100 }",53378744,429408
lmdb_get_seq,,"Param { num_pairs: 1, size_values: 100 }",52686976,437360
lmdb_get_seq,,"Param { num_pairs: 1, size_values: 100 }",53190421,445312
lmdb_get_seq,,"Param { num_pairs: 1, size_values: 100 }",55242649,453264
lmdb_get_seq,,"Param { num_pairs: 1, size_values: 100 }",58374272,461216
lmdb_get_seq,,"Param { num_pairs: 1, size_values: 100 }",63628999,469168
lmdb_get_seq,,"Param { num_pairs: 1, size_values: 100 }",57761090,477120
lmdb_get_seq,,"Param { num_pairs: 1, size_values: 100 }",66239361,485072
lmdb_get_seq,,"Param { num_pairs: 1, size_values: 100 }",68764200,493024
lmdb_get_seq,,"Param { num_pairs: 1, size_values: 100 }",60523592,500976
lmdb_get_seq,,"Param { num_pairs: 1, size_values: 100 }",68672525,508928
lmdb_get_seq,,"Param { num_pairs: 1, size_values: 100 }",66833817,516880
lmdb_get_seq,,"Param { num_pairs: 1, size_values: 100 }",65181729,524832
lmdb_get_seq,,"Param { num_pairs: 1, size_values: 100 }",69985351,532784
lmdb_get_seq,,"Param { num_pairs: 1, size_values: 100 }",70379852,540736
lmdb_get_seq,,"Param { num_pairs: 1, size_values: 100 }",68275056,548688
lmdb_get_seq,,"Param { num_pairs: 1, size_values: 100 }",67851083,556640
lmdb_get_seq,,"Param { num_pairs: 1, size_values: 100 }",73480802,564592
lmdb_get_seq,,"Param { num_pairs: 1, size_values: 100 }",76001781,572544
lmdb_get_seq,,"Param { num_pairs: 1, size_values: 100 }",74491062,580496
lmdb_get_seq,,"Param { num_pairs: 1, size_values: 100 }",72137816,588448
lmdb_get_seq,,"Param { num_pairs: 1, size_values: 100 }",71699029,596400
lmdb_get_seq,,"Param { num_pairs: 1, size_values: 100 }",78682027,604352
lmdb_get_seq,,"Param { num_pairs: 1, size_values: 100 }",76853532,612304
lmdb_get_seq,,"Param { num_pairs: 1, size_values: 100 }",78803582,620256
lmdb_get_seq,,"Param { num_pairs: 1, size_values: 100 }",78512433,628208
lmdb_get_seq,,"Param { num_pairs: 1, size_values: 100 }",79671883,636160
lmdb_get_seq,,"Param { num_pairs: 1, size_values: 100 }",78604638,644112
lmdb_get_seq,,"Param { num_pairs: 1, size_values: 100 }",84134296,652064
lmdb_get_seq,,"Param { num_pairs: 1, size_values: 100 }",82062974,660016
lmdb_get_seq,,"Param { num_pairs: 1, size_values: 100 }",85716330,667968
lmdb_get_seq,,"Param { num_pairs: 1, size_values: 100 }",83424962,675920
lmdb_get_seq,,"Param { num_pairs: 1, size_values: 100 }",89663062,683872
lmdb_get_seq,,"Param { num_pairs: 1, size_values: 100 }",88395057,691824
lmdb_get_seq,,"Param { num_pairs: 1, size_values: 100 }",86103437,699776
lmdb_get_seq,,"Param { num_pairs: 1, size_values: 100 }",82919004,707728
lmdb_get_seq,,"Param { num_pairs: 1, size_values: 100 }",94518205,715680
lmdb_get_seq,,"Param { num_pairs: 1, size_values: 100 }",87646920,723632
lmdb_get_seq,,"Param { num_pairs: 1, size_values: 100 }",96299371,731584
lmdb_get_seq,,"Param { num_pairs: 1, size_values: 100 }",89786035,739536
lmdb_get_seq,,"Param { num_pairs: 1, size_values: 100 }",94755165,747488
lmdb_get_seq,,"Param { num_pairs: 1, size_values: 100 }",96839081,755440
lmdb_get_seq,,"Param { num_pairs: 1, size_values: 100 }",96254483,763392
lmdb_get_seq,,"Param { num_pairs: 1, size_values: 100 }",104875327,771344
lmdb_get_seq,,"Param { num_pairs: 1, size_values: 100 }",100559410,779296
lmdb_get_seq,,"Param { num_pairs: 1, size_values: 100 }",98004724,787248
lmdb_get_seq,,"Param { num_pairs: 1, size_values: 100 }",95444394,795200
